%YAML 1.1
---
calibration_time: "Fri 22 Mar 2013 01:24:42 AM EDT"
camera_name: "GoPro Hero3"
camera_mode: "960p 170°"
nframes: 62
image_width: 1280
image_height: 960
board_width: 8
board_height: 6
square_size: 5.0799999386072159e-02
flags: 0
camera_matrix: !!opencv-matrix
   rows: 3
   cols: 3
   dt: d
   data: [ 1.9553973116795373e+03, 0., 6.5046633922522244e+02, 0.,
       1.9553408878719233e+03, 4.4991520787190365e+02, 0., 0., 1. ]
distortion_coefficients: !!opencv-matrix
   rows: 8
   cols: 1
   dt: d
   data: [ -6.8739972077913813e-01, 1.0561287522391916e+01,
       2.4392249766167946e-02, -1.8308628989510592e-02,
       4.0778463318620389e+01, 3.4614459913939641e+00,
       -9.9019969256036209e+00, 1.0173834367448180e+02 ]
avg_reprojection_error: 1.2032080511134922e+00
per_view_reprojection_errors: !!opencv-matrix
   rows: 62
   cols: 1
   dt: f
   data: [ 2.44140577e+00, 8.33115637e-01, 6.41108871e-01,
       6.94449425e-01, 6.62078381e-01, 5.12013793e-01, 9.91186559e-01,
       1.00613034e+00, 3.41933995e-01, 6.43400848e-01, 1.05910027e+00,
       7.33637035e-01, 5.86210251e-01, 4.99226779e-01, 5.11980534e-01,
       6.87254071e-01, 5.65578878e-01, 1.40898907e+00, 1.61441600e+00,
       9.14882481e-01, 6.60263002e-01, 7.92739391e-01, 2.60588676e-01,
       7.74259508e-01, 8.85141253e-01, 9.21348333e-01, 9.96802688e-01,
       7.49344945e-01, 4.41221446e-01, 2.55413920e-01, 2.07447663e-01,
       3.14918071e-01, 3.29676360e-01, 3.48231435e-01, 3.81757438e-01,
       6.23648465e-01, 1.84268713e+00, 1.43465889e+00, 1.32124281e+00,
       6.59331799e-01, 3.84685814e-01, 1.10014629e+00, 1.04872549e+00,
       6.31531358e-01, 5.13774455e-01, 6.46798670e-01, 4.29828256e-01,
       2.97219098e-01, 1.40628147e+00, 1.94639087e+00, 3.26989651e+00,
       2.22564650e+00, 2.76424026e+00, 8.97143066e-01, 8.36925566e-01,
       8.92415345e-01, 2.63326406e-01, 9.38494503e-01, 2.02762389e+00,
       2.87592101e+00, 2.40605211e+00, 1.49662948e+00 ]
# a set of 6-tuples (rotation vector + translation vector) for each view
extrinsic_parameters: !!opencv-matrix
   rows: 62
   cols: 6
   dt: d
   data: [ 6.1259154533897617e-02, 5.8667059318767201e-02,
       3.3876289227378849e-02, -2.0504670862768820e-01,
       -1.4092651804488579e-01, 8.0390896774286880e-01,
       7.8005499007414367e-03, 1.5854999216227052e-02,
       1.8379896795585628e-02, -1.9412531359914945e-01,
       -1.5007775938009718e-01, 1.1215282329461129e+00,
       -1.4361022025101561e-01, 1.0823459536588970e-02,
       2.2510698672466349e-02, -2.4338070803756240e-01,
       -1.9389982832345709e-01, 1.3732387610421584e+00,
       -1.4596292925929266e-01, -1.1636592423060378e-02,
       3.5038045715810054e-02, -2.1688946091118017e-01,
       -2.4966013629362419e-01, 1.3275496008274166e+00,
       -1.7412695461695948e-01, -4.8750789885785691e-02,
       3.8959952151072119e-02, -1.6599460725878054e-01,
       -2.6065332115447826e-01, 1.3173059004970058e+00,
       -1.4183014883837947e-01, -7.7893828088990133e-02,
       3.3191288894379382e-02, -1.0861735125056966e-01,
       -2.3356518853751720e-01, 1.3385114498900623e+00,
       -1.6537042440451630e-01, -8.7270193353515865e-02,
       2.8776469917620052e-02, -9.0290602035068876e-02,
       -1.7332615382170974e-01, 1.4104608653368800e+00,
       -1.4508932602580682e-01, -8.4113329480924079e-02,
       4.5179267107480270e-02, -9.0543732990888665e-02,
       -1.3172550834399124e-01, 1.4568498781658337e+00,
       -1.0797454020651034e-03, -5.4887295239109651e-02,
       5.7786460364603810e-02, -1.1431424075454596e-01,
       -8.9157520471512305e-02, 1.4960231176317775e+00,
       8.5257722843158995e-02, 2.3376143174756867e-02,
       5.7359447843222437e-02, -1.8869605583566912e-01,
       -6.8786206419063592e-02, 1.5191063623455199e+00,
       7.1539929507237573e-02, 6.4111162605457087e-02,
       8.4358355512792749e-02, -2.7483142791906601e-01,
       -1.1619238152198832e-01, 1.5033287644395827e+00,
       -7.4821659619012548e-02, -2.4879694544953160e-02,
       6.1279500389730117e-02, -1.5474385072937080e-01,
       -1.8264523375486072e-01, 1.4274464771196747e+00,
       1.0990146872387979e-01, 3.6410106643443691e-03,
       4.5060618347649614e-02, -1.7232260893052503e-01,
       -1.3589213340964293e-01, 1.4158285875203367e+00,
       -1.8685028904276105e-01, -1.1637222287142136e-01,
       2.5919760246577488e-02, -7.6930471296142569e-02,
       -3.3207170686554771e-01, 1.7024938466956010e+00,
       -1.0124130225524207e-01, -1.8560578196982536e-01,
       3.9257777576200872e-02, 3.9041275432959753e-03,
       -2.2490411171714361e-01, 1.7901414640336650e+00,
       -7.9763617031659073e-02, -2.0218634351342610e-01,
       4.3104635050351565e-02, -4.2537574894775422e-03,
       -1.5886616395764033e-01, 1.8501977243666137e+00,
       -1.0416620308459501e-02, -1.7514568127727187e-01,
       5.9293215367779185e-02, -3.9950064994834389e-02,
       -1.0296120680478875e-01, 1.8952744516812234e+00,
       4.9353970097137635e-02, 1.8182225331394652e-01,
       5.7522813448241374e-02, -3.8673106076066399e-01,
       -1.2845815499779559e-01, 1.9917008238649987e+00,
       8.0637118168058478e-02, 2.2627374633434505e-01,
       4.5277782100574170e-02, -4.2431133150399580e-01,
       -1.9522376390006210e-01, 1.9790435241304090e+00,
       -4.6160726601353896e-02, -2.3419539051382995e-02,
       6.2693531617267845e-02, 3.8556844911829055e-04,
       -4.3994264277132089e-01, 1.7813657396715921e+00,
       -5.2820140058023150e-02, -1.2732861880089541e-01,
       4.5184086947174740e-02, 7.3003029074094727e-02,
       -3.5158479931356407e-01, 1.8424368933169730e+00,
       1.1169683913062199e-01, -3.2074728676235564e-02,
       7.0430786853679636e-02, -1.8904015508009839e-01,
       -9.9159887009345388e-02, 2.1212743347542462e+00,
       1.0114912125231654e-01, -1.5634345810323153e-02,
       3.1297494562412806e-02, -3.4318445916039303e-01,
       -1.3170541421314841e-01, 3.2656704507727312e+00,
       2.3862672859253026e-01, 2.4445686006175829e-01,
       -1.3435572027811498e-02, -7.1763611967830687e-01,
       -1.4906230067797616e-01, 3.3312831044618054e+00,
       2.3173991569564811e-01, 3.2858001648335183e-01,
       -3.5850140754905974e-02, -7.6738067150408340e-01,
       -2.4175281211918132e-01, 3.2570814497906735e+00,
       1.5877192491366729e-01, 3.6054267383846705e-01,
       -3.7435685781215859e-02, -7.6251711500111607e-01,
       -3.3335878161148680e-01, 3.1875697574022963e+00,
       1.2829081420698546e-01, 3.8692178416812706e-01,
       -4.4989433339426822e-02, -7.1128652477609999e-01,
       -4.3380971947943081e-01, 3.0412583451755717e+00,
       5.8963656294512778e-02, 3.1699466666119042e-01,
       -7.3213753809347106e-03, -5.3009124251475470e-01,
       -5.6304761358662536e-01, 2.8682313780590083e+00,
       1.8400920581113599e-02, 2.2653101912320109e-01,
       1.8828093803783291e-03, -3.8726886209511396e-01,
       -6.2648736122241999e-01, 2.8304338120797645e+00,
       -3.9807562104939027e-02, 1.1596899123059244e-01,
       8.7437161326000146e-03, -2.7493297188013560e-01,
       -6.5774472210902801e-01, 2.8371979292710008e+00,
       -1.2532052836216753e-01, 4.3119781290559905e-02,
       7.7964325846253757e-03, -1.8340353181638253e-01,
       -6.7250729117535590e-01, 2.8203981083988219e+00,
       -1.4171735240343114e-01, -4.8677806804483935e-02,
       6.1897097501462869e-03, -4.0062665490336088e-02,
       -6.5807381408079346e-01, 2.8131088793126406e+00,
       -9.8327777748213038e-02, -1.2079486882509785e-01,
       3.3245774584388238e-02, 7.3927577588564289e-02,
       -6.0657380388441029e-01, 2.8576984920511919e+00,
       -5.7439650451236668e-02, -2.3385778657024961e-01,
       2.8029096085947319e-02, 2.1248442197925607e-01,
       -3.9382269497587341e-01, 3.0389776569885565e+00,
       7.3741717216148153e-02, -2.2319258451316384e-01,
       8.5573861282187233e-02, 1.4489052744964248e-01,
