%YAML 1.1
---
calibration_time: "Thu 21 Mar 2013 08:18:50 PM EDT"
camera_name: "GoPro Hero3"
camera_mode: "720p 170°"
nframes: 23
image_width: 1280
image_height: 720
board_width: 8
board_height: 6
square_size: 5.
flags: 0
camera_matrix: !!opencv-matrix
   rows: 3
   cols: 3
   dt: d
   data: [ 6.5109092873377574e+02, 0., 6.4066119835517236e+02, 0.,
       6.7473810910621341e+02, 3.6188335260829405e+02, 0., 0., 1. ]
distortion_coefficients: !!opencv-matrix
   rows: 8
   cols: 1
   dt: d
   data: [ -1.2555474872651923e-01, 2.7703374478193699e-02,
       1.7058719039147246e-04, 3.5209960655319195e-03,
       -2.7301675688573137e-02, 2.2611944564752701e-01,
       -7.2563134661861609e-02, -2.6400149020581496e-02 ]
avg_reprojection_error: 6.2857463467832653e-01
per_view_reprojection_errors: !!opencv-matrix
   rows: 23
   cols: 1
   dt: f
   data: [ 1.11429882e+00, 9.26678181e-01, 6.92487240e-01,
       4.71580893e-01, 2.10457787e-01, 5.58813572e-01, 6.97534382e-01,
       7.57565200e-01, 6.63613200e-01, 3.90071899e-01, 1.64648741e-01,
       2.38316625e-01, 1.70045599e-01, 3.59589577e-01, 7.04549968e-01,
       1.05899477e+00, 5.81642747e-01, 6.20162070e-01, 6.22658074e-01,
       6.84110045e-01, 6.88208163e-01, 3.46329898e-01, 4.93332088e-01 ]
# a set of 6-tuples (rotation vector + translation vector) for each view
extrinsic_parameters: !!opencv-matrix
   rows: 23
   cols: 6
   dt: d
   data: [ 1.4698277012763697e-02, 7.9133629888761374e-03,
       -2.3720439860406940e-02, -7.9851068107190493e+00,
       -1.0611145651470293e+01, 3.0254463622199228e+01,
       -8.1064266020619453e-03, 3.6182339754951477e-02,
       -2.3206546796319259e-02, -7.6414572812826922e+00,
       -1.2000493939386635e+01, 3.1839828941349683e+01,
       -3.3229101311921416e-02, 2.6785251268465808e-02,
       -2.1270916911850339e-02, -8.5697601977383275e+00,
       -1.2573100582874488e+01, 3.9765578251293356e+01,
       -3.5166911244446042e-02, 1.6271559718878302e-02,
       -1.5252754691388547e-02, -8.7913320984541077e+00,
       -1.4441290378599376e+01, 5.3083163020312874e+01,
       -5.1325118617901025e-02, -1.9363460659377971e-02,
       -1.6971417824472174e-02, -7.4845157037379133e+00,
       -1.5450610741441652e+01, 8.5934981932256250e+01,
       6.4771003135141036e-01, -1.4116765469714109e-02,
       -1.7263996635986573e-02, -6.9695401212152683e+00,
       -1.2025038935588286e+01, 8.7401200115557614e+01,
       8.9372664713490901e-01, -7.5303567866605373e-03,
       -1.1450627306525454e-02, -6.8773143866007134e+00,
       -7.7637394588595772e+00, 8.2742496667552558e+01,
       1.0574581379566244e+00, -4.0573393973560625e-04,
       -1.1231636281156181e-02, -6.8247841350210336e+00,
       -4.1643422282773370e+00, 8.0407536635443577e+01,
       -2.0416457957517797e-01, -6.1678662807905160e-01,
       -7.1592955795008434e-02, -1.2026550011082614e+01,
       -1.5481906971647149e+01, 9.3271208713109544e+01,
       -5.6964733061866564e-04, 6.2340776752841842e-01,
       2.4913812706637697e-02, -5.7098273023452570e+00,
       -1.9825854970774277e+01, 1.0879866054661299e+02,
       7.0023036911009501e-02, 8.0871000822646824e-02,
       1.4331075497319656e-02, -1.5881901404810808e+01,
       -2.0518839970370603e+01, 1.0598533227467978e+02,
       2.6142921173895214e-02, 3.9184286126900662e-02,
       5.1294308498882710e-02, 1.2413602895999128e+01,
       -2.3641126052620827e+01, 1.0449879241439447e+02,
       -2.2370292733144784e-02, 8.7417618144951539e-02,
       5.0945289566349333e-02, 2.9212379368459199e+01,
       -2.5535500087862722e+01, 1.0118352590624646e+02,
       -6.2572341490089972e-02, 3.9060265783470155e-01,
       2.6955039471518394e-02, 5.6788856823284377e+01,
       -2.7817895395860482e+01, 9.6152288998498534e+01,
       -4.5017778880352188e-02, 6.1601485838272385e-01,
       1.0339033955166950e-02, 6.7084684216470606e+01,
       -3.2799595993999830e+01, 9.6076715553956078e+01,
       -2.9713214391274900e-02, 7.3450858165787780e-01,
       7.8478801110009131e-03, 7.2835151122012618e+01,
       -5.1194849180426395e+01, 9.7037200997518809e+01,
       -1.2740047878460903e-01, 6.1861466359213191e-01,
       3.4293518157195176e-02, 7.8601857773355277e+01,
       -4.8147712776027269e+01, 1.0081437109883282e+02,
       -1.6654138570583601e-01, 5.8731190951074141e-01,
       1.0432709276808272e-01, 7.9015557290333803e+01,
       -1.8007003558598402e+01, 1.0078849634101107e+02,
       -1.3925716532664720e-01, 5.9504395173929270e-01,
       1.0006699471966196e-01, 7.7822855596732381e+01,
       -5.4465390409879566e+00, 1.0190970841104296e+02,
       -1.0352053631769990e-01, 5.9696089158237753e-01,
       9.8071594518707506e-02, 7.7407242136637109e+01,
       7.2804191433831980e+00, 1.0276536781768195e+02,
       -2.7891901224374311e-02, 6.0661617461199002e-01,
       8.7709374527101466e-02, 7.7997088531099251e+01,
       2.6897353351650615e+01, 1.0475013591575956e+02,
       2.5146225251739901e-02, 5.5652071495424871e-01,
       2.7284012211379830e-02, 5.7546055732860573e+01,
       3.7313215571380418e+01, 1.1026077926589278e+02,
       7.4669360618381697e-02, -5.8519725592201899e-01,
       3.2333832216501567e-02, -8.3253258312543849e+01,
       3.6973635606975662e+01, 9.2517068324963915e+01 ]
